*Network D:\vlado\work\R\netana\ifcs.06\iris5.net
*Vertices     150
       1 "1"                                      0.0000    0.0000    0.5000
       2 "2"                                      0.0000    0.0000    0.5000
       3 "3"                                      0.0000    0.0000    0.5000
       4 "4"                                      0.0000    0.0000    0.5000
       5 "5"                                      0.0000    0.0000    0.5000
       6 "6"                                      0.0000    0.0000    0.5000
       7 "7"                                      0.0000    0.0000    0.5000
       8 "8"                                      0.0000    0.0000    0.5000
       9 "9"                                      0.0000    0.0000    0.5000
      10 "10"                                     0.0000    0.0000    0.5000
      11 "11"                                     0.0000    0.0000    0.5000
      12 "12"                                     0.0000    0.0000    0.5000
      13 "13"                                     0.0000    0.0000    0.5000
      14 "14"                                     0.0000    0.0000    0.5000
      15 "15"                                     0.0000    0.0000    0.5000
      16 "16"                                     0.0000    0.0000    0.5000
      17 "17"                                     0.0000    0.0000    0.5000
      18 "18"                                     0.0000    0.0000    0.5000
      19 "19"                                     0.0000    0.0000    0.5000
      20 "20"                                     0.0000    0.0000    0.5000
      21 "21"                                     0.0000    0.0000    0.5000
      22 "22"                                     0.0000    0.0000    0.5000
      23 "23"                                     0.0000    0.0000    0.5000
      24 "24"                                     0.0000    0.0000    0.5000
      25 "25"                                     0.0000    0.0000    0.5000
      26 "26"                                     0.0000    0.0000    0.5000
      27 "27"                                     0.0000    0.0000    0.5000
      28 "28"                                     0.0000    0.0000    0.5000
      29 "29"                                     0.0000    0.0000    0.5000
      30 "30"                                     0.0000    0.0000    0.5000
      31 "31"                                     0.0000    0.0000    0.5000
      32 "32"                                     0.0000    0.0000    0.5000
      33 "33"                                     0.0000    0.0000    0.5000
      34 "34"                                     0.0000    0.0000    0.5000
      35 "35"                                     0.0000    0.0000    0.5000
      36 "36"                                     0.0000    0.0000    0.5000
      37 "37"                                     0.0000    0.0000    0.5000
      38 "38"                                     0.0000    0.0000    0.5000
      39 "39"                                     0.0000    0.0000    0.5000
      40 "40"                                     0.0000    0.0000    0.5000
      41 "41"                                     0.0000    0.0000    0.5000
      42 "42"                                     0.0000    0.0000    0.5000
      43 "43"                                     0.0000    0.0000    0.5000
      44 "44"                                     0.0000    0.0000    0.5000
      45 "45"                                     0.0000    0.0000    0.5000
      46 "46"                                     0.0000    0.0000    0.5000
      47 "47"                                     0.0000    0.0000    0.5000
      48 "48"                                     0.0000    0.0000    0.5000
      49 "49"                                     0.0000    0.0000    0.5000
      50 "50"                                     0.0000    0.0000    0.5000
      51 "51"                                     0.0000    0.0000    0.5000
      52 "52"                                     0.0000    0.0000    0.5000
      53 "53"                                     0.0000    0.0000    0.5000
      54 "54"                                     0.0000    0.0000    0.5000
      55 "55"                                     0.0000    0.0000    0.5000
      56 "56"                                     0.0000    0.0000    0.5000
      57 "57"                                     0.0000    0.0000    0.5000
      58 "58"                                     0.0000    0.0000    0.5000
      59 "59"                                     0.0000    0.0000    0.5000
      60 "60"                                     0.0000    0.0000    0.5000
      61 "61"                                     0.0000    0.0000    0.5000
      62 "62"                                     0.0000    0.0000    0.5000
      63 "63"                                     0.0000    0.0000    0.5000
      64 "64"                                     0.0000    0.0000    0.5000
      65 "65"                                     0.0000    0.0000    0.5000
      66 "66"                                     0.0000    0.0000    0.5000
      67 "67"                                     0.0000    0.0000    0.5000
      68 "68"                                     0.0000    0.0000    0.5000
      69 "69"                                     0.0000    0.0000    0.5000
      70 "70"                                     0.0000    0.0000    0.5000
      71 "71"                                     0.0000    0.0000    0.5000
      72 "72"                                     0.0000    0.0000    0.5000
      73 "73"                                     0.0000    0.0000    0.5000
      74 "74"                                     0.0000    0.0000    0.5000
      75 "75"                                     0.0000    0.0000    0.5000
      76 "76"                                     0.0000    0.0000    0.5000
      77 "77"                                     0.0000    0.0000    0.5000
      78 "78"                                     0.0000    0.0000    0.5000
      79 "79"                                     0.0000    0.0000    0.5000
      80 "80"                                     0.0000    0.0000    0.5000
      81 "81"                                     0.0000    0.0000    0.5000
      82 "82"                                     0.0000    0.0000    0.5000
      83 "83"                                     0.0000    0.0000    0.5000
      84 "84"                                     0.0000    0.0000    0.5000
      85 "85"                                     0.0000    0.0000    0.5000
      86 "86"                                     0.0000    0.0000    0.5000
      87 "87"                                     0.0000    0.0000    0.5000
      88 "88"                                     0.0000    0.0000    0.5000
      89 "89"                                     0.0000    0.0000    0.5000
      90 "90"                                     0.0000    0.0000    0.5000
      91 "91"                                     0.0000    0.0000    0.5000
      92 "92"                                     0.0000    0.0000    0.5000
      93 "93"                                     0.0000    0.0000    0.5000
      94 "94"                                     0.0000    0.0000    0.5000
      95 "95"                                     0.0000    0.0000    0.5000
      96 "96"                                     0.0000    0.0000    0.5000
      97 "97"                                     0.0000    0.0000    0.5000
      98 "98"                                     0.0000    0.0000    0.5000
      99 "99"                                     0.0000    0.0000    0.5000
     100 "100"                                    0.0000    0.0000    0.5000
     101 "101"                                    0.0000    0.0000    0.5000
     102 "102"                                    0.0000    0.0000    0.5000
     103 "103"                                    0.0000    0.0000    0.5000
     104 "104"                                    0.0000    0.0000    0.5000
     105 "105"                                    0.0000    0.0000    0.5000
     106 "106"                                    0.0000    0.0000    0.5000
     107 "107"                                    0.0000    0.0000    0.5000
     108 "108"                                    0.0000    0.0000    0.5000
     109 "109"                                    0.0000    0.0000    0.5000
     110 "110"                                    0.0000    0.0000    0.5000
     111 "111"                                    0.0000    0.0000    0.5000
     112 "112"                                    0.0000    0.0000    0.5000
     113 "113"                                    0.0000    0.0000    0.5000
     114 "114"                                    0.0000    0.0000    0.5000
     115 "115"                                    0.0000    0.0000    0.5000
     116 "116"                                    0.0000    0.0000    0.5000
     117 "117"                                    0.0000    0.0000    0.5000
     118 "118"                                    0.0000    0.0000    0.5000
     119 "119"                                    0.0000    0.0000    0.5000
     120 "120"                                    0.0000    0.0000    0.5000
     121 "121"                                    0.0000    0.0000    0.5000
     122 "122"                                    0.0000    0.0000    0.5000
     123 "123"                                    0.0000    0.0000    0.5000
     124 "124"                                    0.0000    0.0000    0.5000
     125 "125"                                    0.0000    0.0000    0.5000
     126 "126"                                    0.0000    0.0000    0.5000
     127 "127"                                    0.0000    0.0000    0.5000
     128 "128"                                    0.0000    0.0000    0.5000
     129 "129"                                    0.0000    0.0000    0.5000
     130 "130"                                    0.0000    0.0000    0.5000
     131 "131"                                    0.0000    0.0000    0.5000
     132 "132"                                    0.0000    0.0000    0.5000
     133 "133"                                    0.0000    0.0000    0.5000
     134 "134"                                    0.0000    0.0000    0.5000
     135 "135"                                    0.0000    0.0000    0.5000
     136 "136"                                    0.0000    0.0000    0.5000
     137 "137"                                    0.0000    0.0000    0.5000
     138 "138"                                    0.0000    0.0000    0.5000
     139 "139"                                    0.0000    0.0000    0.5000
     140 "140"                                    0.0000    0.0000    0.5000
     141 "141"                                    0.0000    0.0000    0.5000
     142 "142"                                    0.0000    0.0000    0.5000
     143 "143"                                    0.0000    0.0000    0.5000
     144 "144"                                    0.0000    0.0000    0.5000
     145 "145"                                    0.0000    0.0000    0.5000
     146 "146"                                    0.0000    0.0000    0.5000
     147 "147"                                    0.0000    0.0000    0.5000
     148 "148"                                    0.0000    0.0000    0.5000
     149 "149"                                    0.0000    0.0000    0.5000
     150 "150"                                    0.0000    0.0000    0.5000
*Arcs
       1       18 0.1311927 
       1       28 0.1333894 
       1       41 0.1870942 
       1       40 0.2363181 
       1        5 0.2592702 
       2       26 0.1655887 
       2       13 0.1783123 
       2       46 0.1783123 
       2       35 0.2363181 
       2       10 0.2702920 
       3       48 0.1333894 
       3       30 0.1699430 
       3        4 0.2829432 
       3       31 0.3100027 
       3       35 0.3518639 
       4       48 0.2363181 
       4       31 0.2480807 
       4       30 0.2653865 
       4        3 0.2829432 
       4       39 0.3518639 
       5       38 0.1783123 
       5        1 0.2592702 
       5       41 0.2702920 
       5       18 0.2905728 
       5       28 0.3379073 
       6       17 0.2265906 
       6       45 0.4435393 
       6       19 0.4484448 
       6       20 0.4625350 
       6       47 0.5059113 
       7       12 0.2972919 
       7       25 0.3946778 
       7       48 0.4772427 
       7        3 0.4955334 
       7        8 0.5037468 
       8       40 0.1207633 
       8       50 0.2363181 
       8       29 0.2480807 
       8       12 0.2480807 
       8        1 0.2653865 
       9       39 0.2363181 
       9       14 0.3366202 
       9        4 0.5216255 
       9       13 0.5506262 
       9       46 0.5506262 
      10       35 0.1311927 
      10       31 0.1870942 
      10       13 0.2653865 
      10        2 0.2702920 
      10       26 0.2960431 
      11       49 0.1207633 
      11       47 0.4325508 
      11       22 0.4473254 
      11       20 0.4484448 
      11       19 0.4625350 
      12       25 0.1699430 
      12        8 0.2480807 
      12        7 0.2972919 
      12       50 0.3518639 
      12       27 0.3566247 
      13        2 0.1783123 
      13       46 0.2623854 
      13       10 0.2653865 
      13       31 0.2875493 
      13       35 0.2960431 
      14       39 0.2112608 
      14        9 0.3366202 
      14        4 0.5024401 
      14       43 0.5051537 
      14       48 0.6228124 
      15       19 0.5679510 
      15       34 0.5955157 
      15       17 0.5983583 
      15        6 0.6595814 
      15       33 0.7897755 
      16       34 0.5839000 
      16       15 0.9769887 
      16       33 0.9966110 
      16        6 1.2083140 
      16       17 1.2083140 
      17        6 0.2265906 
      17       20 0.4625350 
      17       19 0.5024401 
      17       47 0.5306769 
      17       11 0.5405840 
      18        1 0.1311927 
      18       41 0.1333894 
      18       28 0.1870942 
      18       40 0.2702920 
      18        5 0.2905728 
      19        6 0.4484448 
      19       11 0.4625350 
      19       17 0.5024401 
      19       49 0.5621610 
      19       15 0.5679510 
      20       47 0.1429002 
      20       45 0.2618298 
      20       22 0.2642892 
      20       49 0.3580278 
      20       11 0.4484448 
      21       32 0.2858005 
      21       29 0.2953231 
      21       37 0.3443318 
      21       28 0.3518639 
      21       40 0.3795916 
      22       20 0.2642892 
      22       45 0.3224602 
      22       47 0.3531180 
      22       49 0.3566247 
      22        5 0.3731971 
      23       38 0.4469998 
      23        7 0.5283029 
      23        5 0.5335576 
      23       41 0.5762550 
      23       12 0.6200054 
      24       27 0.2960431 
      24       50 0.4453853 
      24       32 0.4625350 
      24       40 0.4694430 
      24        8 0.4847273 
      25       12 0.1699430 
      25        8 0.3311773 
      25        7 0.3946778 
      25       27 0.3950466 
      25       40 0.4273140 
      26        2 0.1655887 
      26       35 0.2653865 
      26       10 0.2960431 
      26       13 0.2972919 
      26       46 0.2972919 
      27        8 0.2684307 
      27       40 0.2943447 
      27       24 0.2960431 
      27       18 0.3118788 
      27       41 0.3142124 
      28        1 0.1333894 
      28       18 0.1870942 
      28       29 0.2363181 
      28       40 0.2592702 
      28       41 0.2972919 
      29       40 0.1333894 
      29       28 0.2363181 
      29        8 0.2480807 
      29        1 0.2592702 
      29       18 0.2905728 
      30       48 0.1655887 
      30        3 0.1699430 
      30       31 0.2592702 
      30        4 0.2653865 
      30       35 0.3379073 
      31       35 0.1333894 
      31       10 0.1870942 
      31        4 0.2480807 
      31       30 0.2592702 
      31        2 0.2829432 
      32       21 0.2858005 
      32       29 0.3610957 
      32       37 0.3858795 
      32       28 0.4240501 
      32       40 0.4473254 
      33       34 0.4520086 
      33        6 0.6607751 
      33       17 0.6607751 
      33       47 0.7132600 
      33       20 0.7464351 
      34       33 0.4520086 
      34       16 0.5839000 
      34       15 0.5955157 
      34       17 0.7485815 
      34        6 0.7655364 
      35       10 0.1311927 
      35       31 0.1333894 
      35        2 0.2363181 
      35       26 0.2653865 
      35       13 0.2960431 
      36       50 0.2558771 
      36       35 0.3100027 
      36       10 0.3366202 
      36        3 0.3666919 
      36       31 0.4028842 
      37       21 0.3443318 
      37       28 0.3795916 
      37       32 0.3858795 
      37       29 0.4325508 
      37        1 0.4863634 
      38        5 0.1783123 
      38        1 0.3580278 
      38       41 0.3731971 
      38       18 0.4240501 
      38       23 0.4469998 
      39       14 0.2112608 
      39        9 0.2363181 
      39        4 0.3518639 
      39       43 0.4588563 
      39       13 0.5037468 
      40        8 0.1207633 
      40       29 0.1333894 
      40        1 0.2363181 
      40       28 0.2592702 
      40       50 0.2653865 
      41       18 0.1333894 
      41        1 0.1870942 
      41        5 0.2702920 
      41        8 0.2875493 
      41       28 0.2972919 
      42        9 1.3892250 
      42       58 1.5533590 
      42       94 1.5784620 
      42       39 1.6158660 
      42       46 1.6473280 
      43       48 0.2480807 
      43        4 0.3518639 
      43        3 0.3622899 
      43       30 0.4001682 
      43       39 0.4588563 
      44       27 0.3485446 
      44       18 0.4269933 
      44       41 0.4287007 
      44       24 0.4955334 
      44       22 0.5451495 
      45       20 0.2618298 
      45       47 0.3126127 
      45       22 0.3224602 
      45        6 0.4435393 
      45       49 0.4807928 
      46        2 0.1783123 
      46       13 0.2623854 
      46       31 0.2875493 
      46       35 0.2960431 
      46       26 0.2972919 
      47       20 0.1429002 
      47       45 0.3126127 
      47       49 0.3379073 
      47       22 0.3531180 
      47       11 0.4325508 
      48        3 0.1333894 
      48       30 0.1655887 
      48        4 0.2363181 
      48       43 0.2480807 
      48       31 0.3518639 
      49       11 0.1207633 
      49       47 0.3379073 
      49       22 0.3566247 
      49       20 0.3580278 
      49        5 0.4325508 
      50        8 0.2363181 
      50       36 0.2558771 
      50       40 0.2653865 
      50       29 0.3331252 
      50       12 0.3518639 
      51       53 0.3118788 
      51       87 0.4484448 
      51       66 0.4612720 
      51       76 0.6875828 
      51       78 0.7249740 
      52       57 0.3118788 
      52       87 0.4435393 
      52       66 0.4520086 
      52       76 0.5378705 
      52       92 0.6018501 
      53       87 0.2667788 
      53       51 0.3118788 
      53       66 0.3946778 
      53       78 0.4278170 
      53       76 0.5304024 
      54       81 0.3664958 
      54       90 0.4588563 
      54       82 0.4862320 
      54       70 0.5451495 
      54       91 0.7364037 
      55       59 0.3688728 
      55      134 0.3722352 
      55       77 0.4016234 
      55       75 0.4061376 
      55       76 0.5051537 
      56      100 0.2265906 
      56       97 0.2855134 
      56       95 0.3100027 
      56       83 0.4471633 
      56       79 0.5027299 
      57       52 0.3118788 
      57       86 0.4435393 
      57       71 0.5983583 
      57      111 0.6615890 
      57       87 0.6790442 
      58       94 0.2592702 
      58       99 0.3963136 
      58       82 0.7591833 
      58       81 0.7889559 
      58       61 0.9325320 
      59       76 0.2875493 
      59       75 0.2953231 
      59       55 0.3688728 
      59       77 0.3755259 
      59       66 0.5051537 
      60       95 0.5286138 
      60       91 0.5770279 
      60       90 0.6018501 
      60      100 0.6687892 
      60       65 0.6999869 
      61       94 0.6975467 
      61       58 0.9325320 
      61       54 1.0360780 
      61       82 1.1043670 
      61       81 1.1193230 
      62       79 0.3100027 
      62       92 0.3562161 
      62       67 0.4001682 
      62       97 0.4240501 
      62       89 0.4508980 
      63       88 0.6246105 
      63       69 0.7542194 
      63       54 0.7563963 
      63       82 0.7771899 
      63       81 0.7779401 
      64       79 0.2112608 
      64       92 0.2363181 
      64       98 0.2883376 
      64       74 0.3485446 
      64      134 0.4237065 
      65       97 0.3607024 
      65       89 0.3645013 
      65      100 0.3839856 
      65       96 0.4471633 
      65       83 0.5612275 
      66       87 0.2146908 
      66       76 0.2592702 
      66       53 0.3946778 
      66       52 0.4520086 
      66       51 0.4612720 
      67       85 0.2415266 
      67       89 0.3466834 
      67       62 0.4001682 
      67       97 0.4061376 
      67       96 0.4453853 
      68       83 0.2858005 
      68       93 0.3531180 
      68       80 0.4274851 
      68       95 0.4652394 
      68      100 0.4713011 
      69      120 0.3722352 
      69       88 0.3731971 
      69       73 0.7346173 
      69       63 0.7542194 
      69      147 0.9186553 
      70       81 0.2653865 
      70       90 0.2943447 
      70       82 0.3118788 
      70       93 0.3624815 
      70       80 0.3684778 
      71      139 0.4744817 
      71      150 0.4893156 
      71      128 0.5216255 
      71       86 0.5682073 
      71       57 0.5983583 
      72       98 0.3100027 
      72       74 0.4176726 
      72       83 0.4520086 
      72       75 0.4612720 
      72       79 0.4650710 
      73      147 0.5278193 
      73      135 0.5342497 
      73       88 0.5996825 
      73      124 0.6045269 
      73       84 0.6097954 
      74       64 0.3485446 
      74       98 0.3684778 
      74       72 0.4176726 
      74       79 0.4847273 
      74       75 0.5024401 
      75       98 0.2415266 
      75       59 0.2953231 
      75       76 0.3624815 
      75       55 0.4061376 
      75       64 0.4469998 
      76       66 0.2592702 
      76       59 0.2875493 
      76       87 0.3366202 
      76       75 0.3624815 
      76       55 0.5051537 
      77       59 0.3755259 
      77       55 0.4016234 
      77       76 0.5658865 
      77       75 0.6192036 
      77       78 0.6267953 
      78       87 0.3877679 
      78      117 0.3946778 
      78       53 0.4278170 
      78      148 0.4754730 
      78      138 0.5304024 
      79       64 0.2112608 
      79       92 0.2960431 
      79       62 0.3100027 
      79       98 0.3741885 
      79       72 0.4650710 
      80       70 0.3684778 
      80       93 0.4045414 
      80       68 0.4274851 
      80       83 0.4329093 
      80       82 0.5307731 
      81       82 0.1429002 
      81       70 0.2653865 
      81       90 0.3664958 
      81       54 0.3664958 
      81       80 0.5612275 
      82       81 0.1429002 
      82       70 0.3118788 
      82       90 0.4862320 
      82       54 0.4862320 
      82       80 0.5307731 
      83       93 0.2363181 
      83       68 0.2858005 
      83      100 0.3118788 
      83       95 0.3231520 
      83       80 0.4329093 
      84      134 0.4484448 
      84      127 0.4568359 
      84      124 0.4614498 
      84      102 0.4617778 
      84      143 0.4617778 
      85       67 0.2415266 
      85       89 0.4225216 
      85       97 0.5306769 
      85       96 0.5612827 
      85       62 0.6272758 
      86       57 0.4435393 
      86       71 0.5682073 
      86       52 0.6790442 
      86       62 0.9501960 
      86       92 0.9637610 
      87       66 0.2146908 
      87       53 0.2667788 
      87       76 0.3366202 
      87       78 0.3877679 
      87       52 0.4435393 
      88       69 0.3731971 
      88       73 0.5996825 
      88      120 0.6068441 
      88       63 0.6246105 
      88       93 0.9523050 
      89       96 0.1870942 
      89       97 0.2653865 
      89       67 0.3466834 
      89       65 0.3645013 
      89       85 0.4225216 
      90       70 0.2943447 
      90       91 0.3481266 
      90       81 0.3664958 
      90       93 0.4484448 
      90       54 0.4588563 
      91       95 0.3118788 
      91       90 0.3481266 
      91       70 0.4057789 
      91       93 0.4273140 
      91       83 0.5139214 
      92       64 0.2363181 
      92       79 0.2960431 
      92       98 0.3366202 
      92       62 0.3562161 
      92       75 0.4795658 
      93       83 0.2363181 
      93       68 0.3531180 
      93       70 0.3624815 
      93       95 0.3755259 
      93       80 0.4045414 
      94       58 0.2592702 
      94       99 0.5207927 
      94       82 0.6845254 
      94       61 0.6975467 
      94       81 0.7174030 
      95      100 0.2653865 
      95       56 0.3100027 
      95       91 0.3118788 
      95       83 0.3231520 
      95       93 0.3755259 
      96       89 0.1870942 
      96       97 0.2642892 
      96       67 0.4453853 
      96       65 0.4471633 
      96       62 0.4617778 
      97      100 0.2363181 
      97       96 0.2642892 
      97       89 0.2653865 
      97       56 0.2855134 
      97       65 0.3607024 
      98       75 0.2415266 
      98       64 0.2883376 
      98       72 0.3100027 
      98       92 0.3366202 
      98       74 0.3684778 
      99       58 0.3963136 
      99       94 0.5207927 
      99       82 0.6785485 
      99       81 0.7009643 
      99       90 0.7893555 
     100       56 0.2265906 
     100       97 0.2363181 
     100       95 0.2653865 
     100       83 0.3118788 
     100       65 0.3839856 
     101      137 0.3481266 
     101      149 0.5015870 
     101      145 0.5120752 
     101      116 0.5415773 
     101      144 0.6994903 
     102      122 0.3755259 
     102       84 0.4617778 
     102      114 0.4955334 
     102      127 0.5762550 
     103      113 0.4273140 
     103      140 0.4372600 
     103      108 0.5632223 
     103      121 0.5920862 
     103      126 0.6190683 
     104      117 0.3379073 
     104      129 0.4713011 
     104      138 0.4778513 
     104      148 0.4807928 
     104      128 0.5178912 
     105      113 0.4211248 
     105      148 0.4293815 
     105      146 0.4371145 
     105      141 0.4389240 
     105      133 0.4878204 
     106      136 0.4045414 
     106      123 0.4955334 
     106      108 0.6063625 
     106      131 0.6464938 
     106      103 0.7223803 
     107       60 0.7824508 
     107       90 0.9384157 
     107       91 1.0055600 
     107       54 1.0445920 
     107      114 1.0809670 
     108      131 0.3118788 
     108      130 0.4650710 
     108      103 0.5632223 
     108      106 0.6063625 
     108      123 0.6373124 
     109      112 0.6627507 
     109      147 0.6752223 
     109       73 0.8050898 
     109      124 0.8389368 
     109      129 0.8790500 
     110      118 0.9195486 
     110      145 0.9432249 
     110      121 1.0457720 
     110      144 1.0757410 
     110      125 1.0793780 
     111      116 0.4269933 
     111      138 0.4329093 
     111      148 0.4623398 
     111      125 0.4936662 
     111      117 0.5750987 
     112      124 0.2883376 
     112      129 0.3877679 
     112      127 0.4565170 
     112      133 0.4862320 
     112      147 0.5039975 
     113      140 0.2653865 
     113      146 0.3351275 
     113      105 0.4211248 
     113      148 0.4211248 
     113      103 0.4273140 
     114      102 0.4955334 
     114      143 0.4955334 
     114      122 0.7010908 
     114      147 0.7363610 
     114       84 0.7876524 
     115      122 0.5886894 
     115      102 0.6949282 
     115      143 0.6949282 
     115      133 0.8210273 
     115      129 0.8718620 
     116      111 0.4269933 
     116      141 0.4795658 
     116      137 0.5207927 
     116      149 0.5216255 
     116      101 0.5415773 
     117      138 0.2592702 
     117      148 0.3126127 
     117      104 0.3379073 
     117       78 0.3946778 
     117      113 0.5349370 
     118      132 0.3950466 
     118      110 0.9195486 
     118      126 1.6407800 
     118      125 1.7642040 
     118      121 1.7794410 
     119      123 0.6150517 
     119      131 0.9069513 
     119      106 0.9769887 
     119      136 1.0235090 
     119      108 1.1193240 
     120       69 0.3722352 
     120       88 0.6068441 
     120       73 0.7798708 
     120       63 0.8667085 
     120       54 0.8983170 
     121      144 0.1655887 
     121      141 0.3624815 
     121      140 0.3877679 
     121      142 0.4100728 
     121      125 0.4240501 
     122      102 0.3755259 
     122      143 0.3755259 
     122      115 0.5886894 
     122      150 0.6507573 
     122      114 0.7010908 
     123      106 0.4955334 
     123      131 0.5137976 
     123      119 0.6150517 
     123      108 0.6373124 
     123      136 0.6935238 
     124      127 0.2653865 
     124      112 0.2883376 
     124       84 0.4614498 
     124      134 0.4694430 
     124      147 0.4805930 
     125      144 0.3858795 
     125      121 0.4240501 
     125      111 0.4936662 
     125      145 0.5247707 
     125      140 0.5456783 
     126      130 0.5405840 
     126      103 0.6190683 
     126      140 0.6740307 
     126      108 0.7191661 
     126      121 0.7683896 
     127      124 0.2653865 
     127      134 0.4453853 
     127      112 0.4565170 
     127       84 0.4568359 
     127      128 0.4778513 
     128      139 0.1333894 
     128      150 0.2667788 
     128      127 0.4778513 
     128      104 0.5178912 
     128       71 0.5216255 
     129      133 0.1311927 
     129      112 0.3877679 
     129      104 0.4713011 
     129      105 0.5051537 
     129      148 0.5419296 
     130      108 0.4650710 
     130      126 0.5405840 
     130      103 0.6693883 
     130      131 0.6728064 
     130       53 0.6789906 
     131      108 0.3118788 
     131      123 0.5137976 
     131      106 0.6464938 
     131      103 0.6507573 
     131      130 0.6728064 
     132      118 0.3950466 
     132      110 1.1765720 
     132      126 1.6521910 
     132      106 1.8788530 
     132      125 1.8948470 
     133      129 0.1311927 
     133      112 0.4862320 
     133      105 0.4878204 
     133      104 0.5853250 
     133      148 0.5876413 
     134       55 0.3722352 
     134       64 0.4237065 
     134      127 0.4453853 
     134       84 0.4484448 
     134      124 0.4694430 
     135       84 0.4650710 
     135       73 0.5342497 
     135      134 0.6052435 
     135       74 0.7343846 
     135      124 0.7372893 
     136      106 0.4045414 
     136      123 0.6935238 
     136      103 0.7789081 
     136      131 0.7856128 
     136      108 0.8538744 
     137      149 0.2112608 
     137      101 0.3481266 
     137      116 0.5207927 
     137      145 0.5535324 
     137      125 0.6664010 
     138      117 0.2592702 
     138      148 0.4061376 
     138      111 0.4329093 
     138      104 0.4778513 
     138       78 0.5304024 
     139      128 0.1333894 
     139      150 0.2084811 
     139       71 0.4744817 
     139       79 0.4862320 
     139      127 0.5185405 
     140      113 0.2653865 
     140      142 0.3126127 
     140      121 0.3877679 
     140      103 0.4372600 
     140      146 0.4389240 
     141      144 0.3366202 
     141      146 0.3481266 
     141      121 0.3624815 
     141      142 0.3946778 
     141      105 0.4389240 
     142      140 0.3126127 
     142      146 0.3379073 
     142      141 0.3946778 
     142      121 0.4100728 
     142      113 0.4329093 
     143      122 0.3755259 
     143       84 0.4617778 
     143      114 0.4955334 
     143      127 0.5762550 
     144      121 0.1655887 
     144      141 0.3366202 
     144      125 0.3858795 
     144      145 0.3858795 
     144      140 0.4650710 
     145      144 0.3858795 
     145      121 0.4240501 
     145      141 0.4805930 
     145      101 0.5120752 
     145      125 0.5247707 
     146      113 0.3351275 
     146      142 0.3379073 
     146      141 0.3481266 
     146      105 0.4371145 
     146      140 0.4389240 
     147      124 0.4805930 
     147      112 0.5039975 
     147       73 0.5278193 
     147      109 0.6752223 
     147       84 0.7070472 
     148      117 0.3126127 
     148      138 0.4061376 
     148      113 0.4211248 
     148      105 0.4293815 
     148      146 0.4617778 
     149      137 0.2112608 
     149      101 0.5015870 
     149      116 0.5216255 
     149      125 0.7176060 
     149      145 0.7176060 
     150      139 0.2084811 
     150      128 0.2667788 
     150       71 0.4893156 
     150       79 0.5810741 
     150      104 0.6051459 

*Partition D:\vlado\work\R\netana\iris.clu
*Vertices 150
1
1
1
1
1
1
1
1
1
1
1
1
1
1
1
1
1
1
1
1
1
1
1
1
1
1
1
1
1
1
1
1
1
1
1
1
1
1
1
1
1
1
1
1
1
1
1
1
1
1
2
2
2
2
2
2
2
2
2
2
2
2
2
2
2
2
2
2
2
2
2
2
2
2
2
2
2
2
2
2
2
2
2
2
2
2
2
2
2
2
2
2
2
2
2
2
2
2
2
2
3
3
3
3
3
3
3
3
3
3
3
3
3
3
3
3
3
3
3
3
3
3
3
3
3
3
3
3
3
3
3
3
3
3
3
3
3
3
3
3
3
3
3
3
3
3
3
3
3
3

*Vector D:\vlado\work\R\netana\ifcs.06\SepLen.vec
*Vertices 150
5.09999999999999964
4.90000000000000036
4.70000000000000018
4.59999999999999964
5.00000000000000000
5.40000000000000036
4.59999999999999964
5.00000000000000000
4.40000000000000036
4.90000000000000036
5.40000000000000036
4.79999999999999982
4.79999999999999982
4.29999999999999982
5.79999999999999982
5.70000000000000018
5.40000000000000036
5.09999999999999964
5.70000000000000018
5.09999999999999964
5.40000000000000036
5.09999999999999964
4.59999999999999964
5.09999999999999964
4.79999999999999982
5.00000000000000000
5.00000000000000000
5.20000000000000018
5.20000000000000018
4.70000000000000018
4.79999999999999982
5.40000000000000036
5.20000000000000018
5.50000000000000000
4.90000000000000036
5.00000000000000000
5.50000000000000000
4.90000000000000036
4.40000000000000036
5.09999999999999964
5.00000000000000000
4.50000000000000000
4.40000000000000036
5.00000000000000000
5.09999999999999964
4.79999999999999982
5.09999999999999964
4.59999999999999964
5.29999999999999982
5.00000000000000000
7.00000000000000000
6.40000000000000036
6.90000000000000036
5.50000000000000000
6.50000000000000000
5.70000000000000018
6.29999999999999982
4.90000000000000036
6.59999999999999964
5.20000000000000018
5.00000000000000000
5.90000000000000036
6.00000000000000000
6.09999999999999964
5.59999999999999964
6.70000000000000018
5.59999999999999964
5.79999999999999982
6.20000000000000018
5.59999999999999964
5.90000000000000036
6.09999999999999964
6.29999999999999982
6.09999999999999964
6.40000000000000036
6.59999999999999964
6.79999999999999982
6.70000000000000018
6.00000000000000000
5.70000000000000018
5.50000000000000000
5.50000000000000000
5.79999999999999982
6.00000000000000000
5.40000000000000036
6.00000000000000000
6.70000000000000018
6.29999999999999982
5.59999999999999964
5.50000000000000000
5.50000000000000000
6.09999999999999964
5.79999999999999982
5.00000000000000000
5.59999999999999964
5.70000000000000018
5.70000000000000018
6.20000000000000018
5.09999999999999964
5.70000000000000018
6.29999999999999982
5.79999999999999982
7.09999999999999964
6.29999999999999982
6.50000000000000000
7.59999999999999964
4.90000000000000036
7.29999999999999982
6.70000000000000018
7.20000000000000018
6.50000000000000000
6.40000000000000036
6.79999999999999982
5.70000000000000018
5.79999999999999982
6.40000000000000036
6.50000000000000000
7.70000000000000018
7.70000000000000018
6.00000000000000000
6.90000000000000036
5.59999999999999964
7.70000000000000018
6.29999999999999982
6.70000000000000018
7.20000000000000018
6.20000000000000018
6.09999999999999964
6.40000000000000036
7.20000000000000018
7.40000000000000036
7.90000000000000036
6.40000000000000036
6.29999999999999982
6.09999999999999964
7.70000000000000018
6.29999999999999982
6.40000000000000036
6.00000000000000000
6.90000000000000036
6.70000000000000018
6.90000000000000036
5.79999999999999982
6.79999999999999982
6.70000000000000018
6.70000000000000018
6.29999999999999982
6.50000000000000000
6.20000000000000018
5.90000000000000036

*Vector D:\vlado\work\R\netana\ifcs.06\SepWid.vec
*Vertices 150
3.50000000000000000
3.00000000000000000
3.20000000000000018
3.10000000000000009
3.60000000000000009
3.89999999999999991
3.39999999999999991
3.39999999999999991
2.89999999999999991
3.10000000000000009
3.70000000000000018
3.39999999999999991
3.00000000000000000
3.00000000000000000
4.00000000000000000
4.40000000000000036
3.89999999999999991
3.50000000000000000
3.79999999999999982
3.79999999999999982
3.39999999999999991
3.70000000000000018
3.60000000000000009
3.29999999999999982
3.39999999999999991
3.00000000000000000
3.39999999999999991
3.50000000000000000
3.39999999999999991
3.20000000000000018
3.10000000000000009
3.39999999999999991
4.09999999999999964
4.20000000000000018
3.10000000000000009
3.20000000000000018
3.50000000000000000
3.60000000000000009
3.00000000000000000
3.39999999999999991
3.50000000000000000
2.29999999999999982
3.20000000000000018
3.50000000000000000
3.79999999999999982
3.00000000000000000
3.79999999999999982
3.20000000000000018
3.70000000000000018
3.29999999999999982
3.20000000000000018
3.20000000000000018
3.10000000000000009
2.29999999999999982
2.79999999999999982
2.79999999999999982
3.29999999999999982
2.39999999999999991
2.89999999999999991
2.70000000000000018
2.00000000000000000
3.00000000000000000
2.20000000000000018
2.89999999999999991
2.89999999999999991
3.10000000000000009
3.00000000000000000
2.70000000000000018
2.20000000000000018
2.50000000000000000
3.20000000000000018
2.79999999999999982
2.50000000000000000
2.79999999999999982
2.89999999999999991
3.00000000000000000
2.79999999999999982
3.00000000000000000
2.89999999999999991
2.60000000000000009
2.39999999999999991
2.39999999999999991
2.70000000000000018
2.70000000000000018
3.00000000000000000
3.39999999999999991
3.10000000000000009
2.29999999999999982
3.00000000000000000
2.50000000000000000
2.60000000000000009
3.00000000000000000
2.60000000000000009
2.29999999999999982
